run_pos0_e14={3.495308,1.485189,42.490936,2477664,110706.550425,45699.691696,219.005473}
run_pos10_e14={22.402966,9.390392,41.915848,2406257,107477.302728,43962.157866,441.979757}
run_pos11_e14={21.915907,9.187544,41.921806,2395406,106989.186836,45373.948709,409.511971}
run_pos7_e14={16.684208,7.003965,41.979610,2459349,109850.355959,47028.335585,295.058981}
run_pos8_e14={6.916837,2.923340,42.264122,2418432,108042.781019,43555.210707,218.705434}
run_pos9_e14={22.016294,9.230139,41.924126,2462108,109978.456667,46041.097848,407.472577}
run_pos0_e26={3.487115,1.487667,42.661839,3152721,140868.702087,53754.026296,303.385923}
run_pos10_e26={22.831242,9.575575,41.940670,3346629,149468.611673,55921.443459,656.174379}
run_pos11_e26={22.357861,9.372908,41.922203,3076900,137462.751630,53700.859540,470.243015}
run_pos7_e26={17.078144,7.167939,41.971420,3244544,144914.431485,57710.098122,431.274575}
run_pos8_e26={6.960805,2.950369,42.385448,3174891,141813.206617,54637.923424,312.103044}
run_pos9_e26={22.517860,9.444795,41.943569,3225173,144051.801725,54822.082978,567.534326}
run_pos0_e52={3.497428,1.483549,42.418289,4293555,191791.244105,68449.974348,448.415052}
run_pos10_e52={23.101456,9.694942,41.966808,4164573,185991.378733,67393.121224,699.587840}
run_pos11_e52={22.776672,9.549429,41.926357,4212828,188126.702420,69025.096968,764.760687}
run_pos7_e52={17.205738,7.229821,42.019825,4308917,192431.275786,69510.532245,551.220885}
run_pos8_e52={6.949921,2.939070,42.289265,4125658,184307.488801,66993.740480,443.086491}
run_pos9_e52={22.879469,9.603902,41.976070,4219639,188416.135323,68361.130552,814.340603}
