BL_1_measurement_exampleJakob={-0.251005,-6.459955,-0.467811,-0.613349,3.126128,-6.718684,1.330554,1.007467}
BL_19_cosmics_pcbj_everyothergroup_vb42_PSleft={0.122694,-0.652457,-0.380075,-0.414730,-0.524241,-2.051013,-0.759541,-0.875016}
BL_19_cosmics_pcbj_everyothergroup_vb42_PSleft={0.122694,-0.652457,-0.380075,-0.414730,-0.524241,-2.051013,-0.759541,-0.875016}
BL_21_sipm_cal_pcbb_vb566_tune8360_part={0.258978,-0.267534,-0.194023,-0.320395,-0.522161,-0.344581,-0.552731,0.050298}
