IW_1_measurement_exampleJakob={117.582191/240.884399,112.525352/257.056061,109.081322/280.203308,91.680222/236.700546,108.920891/279.802216,98.349457/253.373611,94.382263/254.930725,113.551727/259.886261,}
IW_19_cosmics_pcbj_everyothergroup_vb42_PSleft={109.994812/282.487030,87.255386/215.175369,90.567902/193.716858,71.171234/165.448563,108.320938/278.302368,90.441376/233.603439,88.985565/229.963913,113.378662/290.946655,}
IW_22_cosmics_pcbj_everyothergroup_vb42_PSmid={111.116516/285.291290,100.150177/257.875427,102.953598/264.883972,115.036407/295.091003,111.387115/285.967773,94.575348/243.938385,96.687347/216.570023,114.438126/293.595337,}
