IW_1_measurement_exampleJakob={117.582191/240.884399,112.525352/257.056061,109.081322/280.203308,91.680222/236.700546,108.920891/279.802216,98.349457/253.373611,94.382263/254.930725,113.551727/259.886261,}
IW_19_cosmics_pcbj_everyothergroup_vb42_PSleft={109.976593/282.441467,90.946960/234.867416,90.570236/233.925568,71.521957/168.220779,108.322235/278.305603,90.344376/233.360962,89.675323/231.688278,115.647766/296.619415,}
IW_19_cosmics_pcbj_everyothergroup_vb42_PSleft={109.994812/282.487030,87.702667/226.756683,90.567902/193.716858,70.857132/166.930359,108.320938/278.302368,106.998184/274.995483,99.803131/257.007843,102.179642/262.949127,}
IW_19_cosmics_pcbj_everyothergroup_vb42_PSleft={109.994812/282.487030,87.255386/215.175369,90.567902/193.716858,71.171234/165.448563,108.320938/278.302368,90.441376/233.603439,88.985565/229.963913,113.378662/290.946655,}
IW_21_sipm_cal_pcbb_vb566_tune8360_part={34.681305/182.136566,33.114616/180.345276,32.408424/177.003296,33.171951/173.726624,34.933876/179.303894,35.317261/182.842117,34.888000/183.717636,34.622093/181.065704,}
IW_19_cosmics_pcbj_everyothergroup_vb42_PSleft={109.994812/282.487030,87.255386/215.175369,90.567902/193.716858,71.171234/165.448563,108.320938/278.302368,90.441376/233.603439,88.985565/229.963913,113.378662/290.946655,}
IW_21_sipm_cal_pcbb_vb566_tune8360_part={34.789940/182.677368,32.992821/178.881104,32.619217/177.259888,33.175529/174.134888,34.976898/179.459473,34.697426/182.493256,34.748627/183.819916,34.546242/180.886292,}
